28 45 2
1 226.3 118.59 1.64 2.064 220.91 253.99 1.37 -0.863 275.93 413.86 1.35 2.104 297.53 162.41 1.45 2.172 275.93 413.86 1.35 2.104 275.93 413.86 1.35 -1.521 193.57 164.8 1.65 -1.25 167.53 124.08 1.24 1.357 226.3 118.59 1.64 2.064 220.91 253.99 1.37 -0.863 275.93 413.86 1.35 -1.521
1 249.13 147.29 1.26 2.189 300.99 83.01 1.31 2.194 296.08 439.01 1.32 1.428 34.79 248.44 1.43 2.325 150.75 527.76 1.39 2.374 185.93 412.17 1.32 2.204 270.1 271.98 1.33 2.047 307.81 234.29 1.58 -1.28 358.02 15.86 1.34 -0.949 270.1 271.98 1.33 2.047 351.08 179.15 1.34 -0.922
1 312.7 375.19 6.59 2.169 276.51 438.5 3.08 2.08 275.31 457.29 1.26 -1.238 261.31 452.32 1.27 2.312 276.51 438.5 3.08 -1.062 24.02 270.99 1.33 1.995 295.04 109.95 1.35 -0.985 302.04 402.23 1.36 -1.057 267.04 478.18 1.34 1.534 275.31 457.29 1.26 -1.238 227.0 523.98 1.35 2.062
1 181.55 541.69 1.26 -1.884 298.87 212.1 1.34 1.737 204.25 485.28 1.4 -0.89 224.2 131.08 1.26 -0.438 205.66 137.3 2.64 -0.323 248.04 411.22 1.35 -0.969 69.14 419.54 1.81 -0.974 277.49 368.36 1.27 2.584 196.81 158.14 1.34 1.995 198.15 154.43 1.24 2.189 198.15 154.43 1.24 -1.116
1 259.09 217.26 1.36 2.075 247.01 238.97 1.36 2.147 262.78 211.2 1.36 2.305 229.98 100.89 1.35 2.231 175.35 183.35 1.73 2.322 247.01 238.97 1.36 -1.05 242.1 83.81 1.3 2.223 284.42 366.67 1.14 -2.861 171.01 145.95 1.33 3.07 242.1 83.81 1.3 -1.029 144.55 149.46 1.61 -2.492
1 89.99 222.03 1.3 2.37 239.19 100.15 1.38 2.258 212.86 138.08 1.32 2.189 126.06 427.23 1.36 -1.119 216.08 118.94 3.08 2.111 189.18 521.07 1.32 2.173 184.25 176.61 1.49 -1.029 126.06 427.23 1.36 -1.119 266.01 61.07 1.35 -0.887 200.92 501.14 1.31 -1.013 200.92 501.14 1.31 1.885
1 335.93 257.33 1.3 -1.08 339.1 492.86 1.31 2.407 239.13 673.01 1.35 1.342 223.12 434.56 1.26 -1.113 163.35 357.72 1.01 -1.868 340.86 249.39 1.49 2.377 278.53 599.29 1.3 -0.918 67.01 358.01 1.32 2.76 252.86 182.99 1.31 1.959 56.98 372.91 1.34 -0.764 339.1 492.86 1.31 -1.152
1 94.6 243.8 1.45 2.947 57.91 263.81 1.37 2.138 195.32 532.23 1.28 -1.286 204.04 515.23 1.34 -1.114 305.34 344.24 1.69 -1.014 67.89 254.71 1.25 2.47 204.04 515.23 1.34 -1.114 187.69 118.95 1.53 3.078 94.6 243.8 1.45 2.947 325.14 10.98 1.48 -1.105 195.32 532.23 1.28 2.475
1 255.09 293.32 1.27 -1.06 275.04 262.06 1.34 -0.81 118.24 238.37 1.91 2.225 287.52 244.24 1.31 2.549 214.04 380.98 1.35 2.599 255.09 293.32 1.27 2.13 147.04 203.88 1.34 1.945 269.14 270.54 1.31 -1.099 147.04 203.88 1.34 1.945 161.59 191.96 1.24 -0.751 161.59 191.96 1.24 2.379
1 331.01 179.96 1.34 2.164 146.11 126.86 1.26 -0.206 146.11 126.86 1.26 -2.548 146.11 126.86 1.26 -0.206 95.95 502.28 1.38 0.904 54.09 855.83 1.31 2.102 187.87 437.19 1.51 -1.107 331.01 179.96 1.34 -0.941 95.95 502.28 1.38 -1.365 146.11 126.86 1.26 2.328 54.09 855.83 1.31 2.102
1 252.99 265.96 1.34 -0.462 394.17 67.95 1.33 -0.929 289.96 209.32 1.24 -1.187 327.34 499.3 1.3 2.141 327.34 499.3 1.3 -1.239 20.58 366.82 1.5 1.862 275.01 364.53 1.22 -0.985 174.97 210.99 1.27 1.666 252.99 265.96 1.34 2.274 165.58 714.28 1.19 2.062 284.68 346.53 1.51 -1.077
1 117.28 541.73 1.69 2.462 217.93 242.13 1.3 -0.921 286.97 7.06 1.35 0.792 117.28 541.73 1.69 2.462 117.28 541.73 1.69 -1.207 213.96 247.08 1.29 -0.981 117.28 541.73 1.69 -1.207 217.93 242.13 1.3 -0.921 217.93 242.13 1.3 2.063 44.31 481.05 1.31 -0.047 44.31 481.05 1.31 -2.78
1 308.92 61.82 1.35 2.084 167.6 381.15 1.61 2.214 167.6 381.15 1.61 -0.863 75.08 602.81 2.06 -0.95 337.2 29.76 1.56 -0.535 308.92 61.82 1.35 2.084 165.27 209.69 1.56 -1.402 167.6 381.15 1.61 2.214 318.07 168.88 1.36 -1.066 135.94 416.51 2.01 1.952 75.08 602.81 2.06 -0.95
1 68.32 573.75 1.72 -0.565 73.19 569.89 1.27 2.592 211.79 134.03 1.35 1.791 105.68 245.2 1.74 -2.561 68.32 573.75 1.72 2.351 91.86 550.32 1.34 -0.804 91.86 550.32 1.34 -0.804 105.68 245.2 1.74 -2.561 211.79 134.03 1.35 -1.821 68.32 573.75 1.72 -0.565 68.32 573.75 1.72 2.351
1 313.23 216.64 1.33 -0.959 254.99 291.92 1.35 -0.681 254.99 291.92 1.35 -0.681 305.94 225.27 1.82 -0.9 31.36 712.93 1.27 1.489 372.82 145.14 1.42 -0.947 220.46 101.46 1.64 0.148 372.82 145.14 1.42 -0.947 372.82 145.14 1.42 -0.947 267.98 492.03 1.35 -1.027 254.99 291.92 1.35 -0.681
1 318.6 75.64 1.83 2.207 224.95 206.93 1.33 1.998 318.6 75.64 1.83 2.207 282.07 124.86 1.3 -1.077 345.61 44.7 1.43 2.167 105.37 720.74 1.37 2.634 86.1 213.95 1.3 -0.551 224.95 206.93 1.33 1.998 267.49 142.3 1.27 2.63 86.1 213.95 1.3 2.657 345.61 44.7 1.43 2.167
1 215.88 194.21 1.31 -0.96 60.76 563.18 1.21 1.358 215.88 194.21 1.31 1.942 352.45 8.09 1.55 2.066 339.93 29.42 4.82 -0.653 352.45 8.09 1.55 2.066 103.98 236.87 1.36 -2.493 352.45 8.09 1.55 2.066 339.93 29.42 4.82 -0.653 60.76 563.18 1.21 -1.993 215.88 194.21 1.31 1.942
1 223.32 545.27 1.27 -1.242 59.34 559.94 1.87 -1.955 223.32 545.27 1.27 2.416 93.98 632.58 1.76 2.474 241.95 75.98 1.32 2.18 287.33 18.31 1.95 1.026 228.13 103.05 1.32 -2.984 209.73 107.99 1.32 0.101 13.36 276.47 1.05 -1.256 111.25 615.18 2.0 -0.716 93.98 632.58 1.76 2.474
1 159.26 154.33 1.3 -0.208 81.1 701.1 1.34 -0.444 81.1 701.1 1.34 -2.765 90.92 660.97 1.37 2.332 90.92 660.97 1.37 2.332 90.5 496.03 1.67 1.502 95.1 655.81 1.31 2.32 109.96 640.16 1.31 -0.772 77.02 733.15 1.33 -1.217 53.57 708.97 1.43 3.044 253.96 91.93 1.35 -0.665
1 46.45 769.1 1.24 0.219 73.06 482.92 1.29 -3.014 182.74 119.98 1.34 -0.169 91.63 191.07 1.25 -0.63 224.83 498.92 1.37 2.068 182.74 119.98 1.34 2.753 122.48 575.07 1.6 2.386 207.51 532.67 1.29 -0.546 219.5 508.69 1.28 -0.574 73.06 482.92 1.29 0.248 59.05 630.48 1.86 2.281
1 132.24 626.6 1.49 -1.312 57.87 552.61 2.0 -1.633 157.97 439.38 1.28 -1.233 209.55 625.66 1.26 2.009 209.55 625.66 1.26 -1.886 43.89 254.82 1.37 2.05 91.77 191.01 0.92 2.719 91.77 191.01 0.92 2.719 200.92 180.95 1.17 -1.018 157.97 439.38 1.28 -1.233 57.87 552.61 2.0 -1.633
1 179.68 603.67 6.21 -0.62 179.68 603.67 6.21 -0.62 179.68 603.67 6.21 -0.62 98.42 525.6 2.03 -1.526 179.68 603.67 6.21 -1.635 206.23 426.87 1.24 -1.436 42.93 264.04 1.28 1.958 206.23 426.87 1.24 1.167 298.67 520.75 1.31 -0.662 42.93 264.04 1.28 1.958 120.02 675.76 1.32 2.009
1 54.17 722.16 1.37 1.306 70.02 697.06 1.34 -0.921 54.17 722.16 1.37 1.306 244.93 524.78 1.37 2.103 54.17 722.16 1.37 2.777 305.39 23.98 2.69 -0.963 211.67 595.34 1.29 1.974 91.0 661.34 1.32 -1.112 54.17 722.16 1.37 2.777 54.17 722.16 1.37 1.306 310.02 30.22 1.35 -1.35
1 126.93 738.97 1.75 2.296 257.86 187.48 1.27 2.064 369.43 21.47 2.65 1.864 30.79 373.5 1.81 2.095 126.93 738.97 1.75 2.296 369.43 21.47 2.65 1.864 257.86 187.48 1.27 2.064 215.72 174.04 1.31 2.878 374.25 27.64 1.23 -1.581 374.25 27.64 1.23 -1.581 374.25 27.64 1.23 -1.581
0 143.64 137.44 1.63 -0.476 134.92 76.49 1.52 -0.943 143.64 137.44 1.63 2.434 51.32 459.14 1.53 2.781 147.24 320.05 1.15 -0.42 144.65 133.07 9.3 2.269 156.68 562.52 2.47 2.153 173.31 9.24 1.71 2.063 173.31 9.24 1.71 -2.098 147.24 320.05 1.15 0.501 151.07 626.6 1.5 -2.081
0 40.11 520.3 1.73 2.477 116.08 650.91 1.25 -1.577 123.79 129.11 4.07 -0.914 131.34 365.94 1.44 -0.9 72.68 592.82 1.55 -0.373 107.18 264.54 2.21 2.844 112.96 651.84 1.37 1.899 137.96 521.24 1.38 2.189 151.71 641.65 1.53 2.162 62.18 647.27 2.25 2.435 135.51 665.79 2.24 -0.19
0 138.24 123.31 2.32 -0.317 110.68 708.87 1.23 -0.625 141.02 501.28 3.36 -1.025 51.11 611.46 2.08 2.735 152.88 134.74 5.2 -0.641 134.78 554.12 1.27 -0.724 113.61 687.94 1.22 -0.597 119.83 623.63 3.16 2.041 148.59 353.99 1.91 2.19 141.02 501.28 3.36 -1.025 97.96 668.47 8.39 2.089
0 124.71 349.05 1.42 2.074 110.95 586.77 1.86 -0.732 91.16 68.97 0.96 -3.07 62.17 88.19 1.32 2.899 112.16 262.22 1.27 -0.942 53.6 596.01 8.33 -0.472 102.81 609.76 6.73 0.862 135.46 479.27 5.16 2.289 80.78 580.04 1.4 -0.229 139.9 104.71 3.18 2.801 135.25 115.67 2.55 -0.076
