24 2
-13439.999999999998 13439.999999999998
-13439.999999999989 13439.999999999989
-13439.999999999989 13439.999999999989
-13439.999999999989 13439.999999999989
-13439.999999999989 13439.999999999989
-13439.999999999989 13439.999999999989
-13439.999999999989 13439.999999999989
-13439.999999999989 13439.999999999989
-13439.999999999989 13439.999999999989
-13439.999999999989 13439.999999999989
-13439.999999999989 13439.999999999989
-13439.999999999989 13439.999999999989
-13439.999999999989 13439.999999999989
-13439.999999999989 13439.999999999989
-13439.999999999989 13439.999999999989
-13439.999999999989 13439.999999999989
-13439.999999999989 13439.999999999989
-13439.999999999989 13439.999999999989
-13439.999999999989 13439.999999999989
-13439.999999999989 13439.999999999989
-13439.999999999989 13439.999999999989
-13439.999999999989 13439.999999999989
-13439.999999999989 13439.999999999989
-13439.999999999989 13439.999999999989
